0.053927 0.166940 0.118875 0.060727 0.027433 
0.075029 0.006565 0.020399 0.015240 0.003517 
0.077140 0.014302 0.027433 0.039390 0.008206 
0.052286 0.009613 0.033294 0.038687 0.079953 
0.024385 0.117233 0.071747 0.208441 0.113013 
0.058382 0.001876 0.012896 0.015709 0.007972 
0.045018 0.003986 0.024853 0.031887 0.010551 
0.040094 0.045721 0.004689 0.011723 0.033998 
0.014771 0.108792 0.098945 0.049941 0.007972 
0.013599 0.000469 0.001172 0.000234 0.000000 
0.012192 0.005158 0.014068 0.039156 0.027198 
0.044549 0.068933 0.066823 0.067761 0.041501 
0.051583 0.012661 0.031653 0.032122 0.012896 
0.018054 0.029074 0.070809 0.071278 0.044314 
0.017116 0.152638 0.087925 0.038921 0.017351 
0.067761 0.021102 0.024853 0.033529 0.016178 
0.007268 0.001641 0.000234 0.000234 0.000000 
0.049238 0.086753 0.083236 0.058617 0.060961 
0.137397 0.006800 0.041970 0.045252 0.302931 
0.063072 0.023212 0.047128 0.076671 0.066823 
0.011020 0.081594 0.054865 0.026026 0.000938 
0.017351 0.005393 0.021571 0.012661 0.000234 
0.039390 0.014302 0.015006 0.012896 0.005158 
0.000703 0.004455 0.010317 0.000469 0.004455 
0.005862 0.009613 0.009613 0.007034 0.104807 
0.002814 0.001172 0.005627 0.005393 0.001641 
